Bin Id	Marker lineage	# genomes	# markers	# marker sets	Completeness	Contamination	Strain heterogeneity	Genome size (bp)	# ambiguous bases	# scaffolds	# contigs	N50 (scaffolds)	N50 (contigs)	Mean scaffold length (bp)	Mean contig length (bp)	Longest scaffold (bp)	Longest contig (bp)	GC	GC std (scaffolds > 1kbp)	Coding density	Translation table	# predicted genes	0	1	2	3	4	5+
20082D-01-01_S7.metabat.1	root (UID1)	5656	56	24	0.00	0.00	0.00	288092	0	27	27	13161	13161	10670	10670	43964	43964	35.6	1.53	88.55	11	273	56	0	0	0	0	0
20082D-01-01_S7.metabat.10	root (UID1)	5656	56	24	0.00	0.00	0.00	468666	0	72	72	8425	8425	6509	6509	47691	47691	35.5	1.98	83.04	11	531	56	0	0	0	0	0
20082D-01-01_S7.metabat.11	k__Archaea (UID2)	207	149	107	4.21	0.93	0.00	1268657	0	352	352	3890	3890	3604	3604	11891	11891	44.0	1.35	86.86	11	1345	144	4	1	0	0	0
20082D-01-01_S7.metabat.12	k__Bacteria (UID2569)	434	278	186	94.96	1.63	50.00	3988051	0	398	398	13418	13418	10020	10020	55609	55609	41.5	1.33	91.53	11	3826	14	260	4	0	0	0
20082D-01-01_S7.metabat.13	c__Gammaproteobacteria (UID4761)	52	693	297	99.33	4.00	20.00	6167572	0	169	169	100009	100009	36494	36494	316519	316519	40.4	2.02	87.98	11	5538	2	665	24	2	0	0
20082D-01-01_S7.metabat.14	s__algicola (UID2847)	33	496	263	66.11	7.31	17.86	2336554	0	690	690	3675	3675	3386	3386	15915	15915	38.0	1.45	92.01	11	2636	190	278	28	0	0	0
20082D-01-01_S7.metabat.15	c__Gammaproteobacteria (UID4787)	26	752	296	83.65	2.20	13.33	3108457	0	296	296	16652	16652	10501	10501	57119	57119	39.9	1.59	89.84	11	2981	156	581	15	0	0	0
20082D-01-01_S7.metabat.16	c__Gammaproteobacteria (UID4761)	52	693	297	91.27	1.75	50.00	3697394	0	254	254	21928	21928	14556	14556	155928	155928	37.7	1.37	85.87	11	3240	43	640	10	0	0	0
20082D-01-01_S7.metabat.17	k__Bacteria (UID203)	5449	104	58	39.97	1.72	0.00	1791558	0	639	639	2957	2957	2803	2803	9142	9142	60.6	1.84	92.30	11	2352	76	27	1	0	0	0
20082D-01-01_S7.metabat.18	f__Rhodobacteraceae (UID3375)	32	625	283	96.55	0.53	50.00	4313733	0	95	95	99441	99441	45407	45407	318073	318073	58.1	1.84	87.78	11	4134	49	574	2	0	0	0
20082D-01-01_S7.metabat.19	k__Bacteria (UID203)	5449	104	58	63.40	24.14	52.63	5240920	0	1321	1321	4711	4711	3967	3967	24402	24402	38.8	1.61	92.57	11	5488	61	31	10	1	1	0
20082D-01-01_S7.metabat.2	k__Bacteria (UID203)	5449	103	57	28.07	0.00	0.00	956689	0	437	437	2127	2127	2189	2189	6081	6081	30.7	1.85	92.72	11	1080	86	17	0	0	0	0
20082D-01-01_S7.metabat.20	k__Bacteria (UID203)	5449	104	58	75.86	0.00	0.00	3352353	0	142	142	58426	58426	23608	23608	173024	173024	61.8	1.72	91.70	11	3327	54	50	0	0	0	0
20082D-01-01_S7.metabat.21	f__Rhodobacteraceae (UID3360)	56	582	313	95.53	2.45	63.64	3716097	0	224	224	23781	23781	16589	16589	96741	96741	58.2	1.35	92.39	11	3706	25	548	8	1	0	0
20082D-01-01_S7.metabat.22	f__Flavobacteriaceae (UID2817)	81	511	283	98.99	0.71	33.33	2546418	0	40	40	180471	180471	63660	63660	442256	442256	30.5	1.56	92.30	11	2381	36	474	0	1	0	0
20082D-01-01_S7.metabat.23	k__Bacteria (UID203)	5449	104	58	78.62	0.00	0.00	2724401	0	171	171	26045	26045	15932	15932	71349	71349	54.7	1.42	92.30	11	2832	49	55	0	0	0	0
20082D-01-01_S7.metabat.24	k__Bacteria (UID203)	5449	104	58	17.24	0.00	0.00	252849	0	64	64	4317	4317	3950	3950	8018	8018	44.6	1.05	87.02	11	241	93	11	0	0	0	0
20082D-01-01_S7.metabat.25	root (UID1)	5656	56	24	0.00	0.00	0.00	509106	0	51	51	18868	18868	9982	9982	50188	50188	56.0	1.44	86.62	11	539	56	0	0	0	0	0
20082D-01-01_S7.metabat.26	f__Flavobacteriaceae (UID2845)	53	548	298	97.08	0.25	100.00	2056186	0	106	106	35282	35282	19397	19397	108010	108010	34.3	1.41	92.55	11	1910	11	534	3	0	0	0
20082D-01-01_S7.metabat.27	f__Rhodobacteraceae (UID3360)	56	582	313	3.26	0.00	0.00	403680	0	16	16	47372	47372	25230	25230	71912	71912	57.4	1.05	87.36	11	472	544	38	0	0	0	0
20082D-01-01_S7.metabat.28	k__Bacteria (UID203)	5449	104	58	66.54	0.00	0.00	4136531	0	545	545	10250	10250	7589	7589	43084	43084	43.8	1.58	88.64	11	3960	61	43	0	0	0	0
20082D-01-01_S7.metabat.29	k__Bacteria (UID203)	5449	104	58	48.28	6.90	60.00	5604585	0	619	619	11549	11549	9054	9054	64136	64136	44.4	1.42	88.46	11	5053	76	25	2	1	0	0
20082D-01-01_S7.metabat.3	k__Bacteria (UID203)	5449	104	58	59.12	18.97	53.85	4519265	0	1166	1166	4519	4519	3875	3875	22935	22935	59.3	2.07	89.39	11	5081	64	31	7	2	0	0
20082D-01-01_S7.metabat.30	c__Gammaproteobacteria (UID4761)	52	693	297	95.40	8.99	12.73	4779121	0	156	156	57118	57118	30635	30635	275686	275686	36.4	1.05	88.02	11	4208	41	597	55	0	0	0
20082D-01-01_S7.metabat.31	f__Rhodobacteraceae (UID3361)	46	654	332	83.40	29.06	10.95	6121099	0	1597	1597	4383	4383	3832	3832	63579	63579	60.1	2.69	90.23	11	7179	124	386	120	21	3	0
20082D-01-01_S7.metabat.32	root (UID1)	5656	56	24	0.00	0.00	0.00	269799	0	13	13	58936	58936	20753	20753	87123	87123	34.2	1.59	87.86	11	273	56	0	0	0	0	0
20082D-01-01_S7.metabat.33	k__Bacteria (UID203)	5449	104	58	19.47	0.00	0.00	1009990	0	314	314	3321	3321	3216	3216	12063	12063	41.5	1.49	91.68	11	1190	88	16	0	0	0	0
20082D-01-01_S7.metabat.34	k__Bacteria (UID203)	5449	104	58	53.76	1.72	100.00	4651507	0	266	266	29937	29937	17486	17486	106331	106331	44.6	1.39	87.89	11	4140	70	33	1	0	0	0
20082D-01-01_S7.metabat.35	k__Bacteria (UID203)	5449	104	58	71.02	101.15	15.05	16580386	0	3132	3132	7018	7018	5293	5293	53561	53561	38.7	2.07	86.89	11	16698	52	15	12	23	2	0
20082D-01-01_S7.metabat.36	k__Bacteria (UID203)	5449	104	58	53.45	0.00	0.00	3561485	0	213	213	24757	24757	16720	16720	108081	108081	38.4	1.01	88.13	11	3223	70	34	0	0	0	0
20082D-01-01_S7.metabat.37	k__Bacteria (UID2569)	434	278	186	34.41	0.00	0.00	1976662	0	8	8	475566	475566	247082	247082	545591	545591	30.5	0.43	92.60	11	1822	187	91	0	0	0	0
20082D-01-01_S7.metabat.38	k__Bacteria (UID2569)	434	278	186	65.59	0.27	0.00	2561827	0	12	12	262289	262289	213485	213485	1146867	1146867	31.4	0.73	93.76	11	2075	91	186	1	0	0	0
20082D-01-01_S7.metabat.39	o__Oceanospirillales (UID4446)	43	529	233	98.39	2.19	11.11	4484320	0	382	382	20786	20786	11739	11739	95095	95095	40.5	2.21	88.68	11	4263	7	513	9	0	0	0
20082D-01-01_S7.metabat.4	k__Bacteria (UID203)	5449	104	58	98.82	248.58	13.84	17804818	0	5383	5383	3700	3700	3307	3307	34040	34040	32.9	2.57	91.33	11	19324	3	35	22	9	17	18
20082D-01-01_S7.metabat.40	c__Gammaproteobacteria (UID4444)	263	505	231	89.72	1.65	16.67	3234979	0	218	218	25500	25500	14839	14839	109882	109882	42.9	1.41	89.81	11	2977	88	411	6	0	0	0
20082D-01-01_S7.metabat.41	root (UID1)	5656	56	24	0.00	0.00	0.00	213906	0	9	9	36896	36896	23767	23767	42341	42341	41.1	0.75	90.02	11	210	56	0	0	0	0	0
20082D-01-01_S7.metabat.5	k__Bacteria (UID2569)	434	278	186	88.98	2.87	13.64	2670271	0	319	319	12405	12405	8370	8370	50204	50204	36.8	1.12	93.75	11	2530	25	237	13	3	0	0
20082D-01-01_S7.metabat.6	root (UID1)	5656	56	24	0.00	0.00	0.00	271550	0	22	22	20165	20165	12343	12343	36874	36874	45.6	1.45	87.08	11	241	56	0	0	0	0	0
20082D-01-01_S7.metabat.7	root (UID1)	5656	56	24	0.00	0.00	0.00	1190136	0	138	138	12131	12131	8624	8624	66031	66031	52.7	1.57	87.24	11	1354	56	0	0	0	0	0
20082D-01-01_S7.metabat.8	f__Flavobacteriaceae (UID2845)	53	548	298	99.13	105.17	9.90	7248307	0	730	730	14603	14603	9929	9929	93784	93784	30.5	2.10	90.79	11	6928	14	92	365	75	1	1
20082D-01-01_S7.metabat.9	k__Bacteria (UID203)	5449	104	58	53.45	25.86	52.63	7273080	0	1348	1348	6946	6946	5395	5395	55962	55962	40.6	1.73	87.32	11	7203	69	22	10	3	0	0
20082D-01-02_S8.metabat.1	k__Bacteria (UID203)	5449	104	58	79.31	16.55	50.00	3081930	0	442	442	10503	10503	6972	6972	59682	59682	44.9	1.66	90.60	11	3093	47	45	12	0	0	0
20082D-01-02_S8.metabat.10	o__Rhodospirillales (UID3754)	63	336	201	90.55	1.24	100.00	4130800	0	604	604	9374	9374	6839	6839	70304	70304	53.5	1.65	88.64	11	4240	72	261	3	0	0	0
20082D-01-02_S8.metabat.11	root (UID1)	5656	56	24	70.83	70.83	95.24	6958345	0	148	148	83694	83694	47015	47015	242957	242957	58.1	1.65	88.69	11	6396	35	0	21	0	0	0
20082D-01-02_S8.metabat.12	root (UID1)	5656	56	24	4.17	0.00	0.00	216793	0	43	43	5966	5966	5041	5041	18516	18516	54.3	1.80	90.81	11	252	55	1	0	0	0	0
20082D-01-02_S8.metabat.13	root (UID1)	5656	56	24	0.00	0.00	0.00	351253	0	9	9	68276	68276	39028	39028	112032	112032	52.3	1.50	86.77	11	364	56	0	0	0	0	0
20082D-01-02_S8.metabat.14	root (UID1)	5656	56	24	0.00	0.00	0.00	1116847	0	349	349	3414	3414	3200	3200	17462	17462	37.2	2.09	85.71	11	1215	56	0	0	0	0	0
20082D-01-02_S8.metabat.15	c__Gammaproteobacteria (UID4443)	356	451	270	69.51	2.21	12.50	2274399	0	562	562	4536	4536	4046	4046	16360	16360	51.9	1.82	91.50	11	2461	134	309	8	0	0	0
20082D-01-02_S8.metabat.16	c__Gammaproteobacteria (UID4443)	356	448	269	95.55	0.00	0.00	3328805	0	101	101	59634	59634	32958	32958	165806	165806	65.3	1.89	91.15	11	3143	63	385	0	0	0	0
20082D-01-02_S8.metabat.17	root (UID1)	5656	56	24	0.00	0.00	0.00	342504	0	103	103	3621	3621	3325	3325	12319	12319	41.5	1.66	90.94	11	368	56	0	0	0	0	0
20082D-01-02_S8.metabat.18	f__Rhodobacteraceae (UID3360)	56	582	313	98.24	0.05	100.00	3394679	0	47	47	171255	171255	72227	72227	448962	448962	60.5	2.18	90.95	11	3297	23	558	1	0	0	0
20082D-01-02_S8.metabat.19	c__Alphaproteobacteria (UID3305)	564	349	230	96.02	0.87	0.00	4709861	0	404	404	17553	17553	11658	11658	59747	59747	60.5	2.06	90.72	11	4673	25	321	3	0	0	0
20082D-01-02_S8.metabat.2	c__Gammaproteobacteria (UID4761)	52	693	297	90.97	1.58	50.00	4098838	0	308	308	29857	29857	13307	13307	122079	122079	43.5	1.79	88.76	11	3755	62	625	6	0	0	0
20082D-01-02_S8.metabat.20	root (UID1)	5656	56	24	0.00	0.00	0.00	1750345	0	232	232	10613	10613	7544	7544	32288	32288	43.1	1.98	88.81	11	1584	56	0	0	0	0	0
20082D-01-02_S8.metabat.21	root (UID1)	5656	56	24	0.00	0.00	0.00	271019	0	36	36	12141	12141	7528	7528	34404	34404	38.9	1.40	83.72	11	254	56	0	0	0	0	0
20082D-01-02_S8.metabat.22	k__Bacteria (UID2569)	434	277	185	68.57	1.89	25.00	3047955	0	900	900	3767	3767	3386	3386	13961	13961	37.3	1.97	87.36	11	3306	83	190	4	0	0	0
20082D-01-02_S8.metabat.23	s__algicola (UID2847)	33	496	263	99.24	0.29	0.00	3153257	0	41	41	209222	209222	76908	76908	403732	403732	33.5	1.94	91.14	11	2888	2	492	2	0	0	0
20082D-01-02_S8.metabat.24	root (UID1)	5656	56	24	0.00	0.00	0.00	246315	0	48	48	5951	5951	5131	5131	11561	11561	53.5	1.70	88.03	11	269	56	0	0	0	0	0
20082D-01-02_S8.metabat.25	f__Rhodobacteraceae (UID3356)	67	615	329	93.01	4.93	12.00	2811807	0	412	412	8869	8869	6824	6824	48461	48461	54.7	1.59	92.15	11	3123	53	537	25	0	0	0
20082D-01-02_S8.metabat.26	k__Bacteria (UID203)	5449	104	58	11.55	0.00	0.00	968105	0	350	350	2878	2878	2766	2766	7889	7889	57.5	2.12	92.32	11	1195	96	8	0	0	0	0
20082D-01-02_S8.metabat.27	k__Bacteria (UID203)	5449	104	58	8.62	0.00	0.00	1067485	0	364	364	3049	3049	2932	2932	11666	11666	59.1	2.00	91.37	11	1263	99	5	0	0	0	0
20082D-01-02_S8.metabat.28	k__Bacteria (UID203)	5449	104	58	41.38	8.62	100.00	5124065	0	1027	1027	6200	6200	4989	4989	41647	41647	40.2	2.00	87.19	11	5136	78	22	3	1	0	0
20082D-01-02_S8.metabat.29	root (UID1)	5656	56	24	0.00	0.00	0.00	508159	0	40	40	16909	16909	12703	12703	50495	50495	43.2	1.59	87.16	11	435	56	0	0	0	0	0
20082D-01-02_S8.metabat.3	k__Bacteria (UID203)	5449	104	58	39.97	0.00	0.00	4424209	0	550	550	16951	16951	8044	8044	83520	83520	37.6	2.63	85.98	11	4303	75	29	0	0	0	0
20082D-01-02_S8.metabat.30	k__Bacteria (UID203)	5449	104	58	3.61	0.00	0.00	2480702	0	682	682	3929	3929	3637	3637	73092	73092	40.1	1.85	87.42	11	2581	97	7	0	0	0	0
20082D-01-02_S8.metabat.31	root (UID1)	5656	56	24	0.00	0.00	0.00	406979	0	6	6	77798	77798	67829	67829	101930	101930	41.3	0.69	87.22	11	452	56	0	0	0	0	0
20082D-01-02_S8.metabat.32	c__Gammaproteobacteria (UID4444)	263	506	232	99.15	0.50	50.00	4338764	0	66	66	102389	102389	65738	65738	284928	284928	57.2	2.13	91.89	11	4013	49	455	2	0	0	0
20082D-01-02_S8.metabat.33	s__algicola (UID2846)	47	571	303	99.01	0.55	33.33	4156234	0	151	151	54334	54334	27524	27524	147151	147151	32.5	1.47	91.10	11	3733	6	562	3	0	0	0
20082D-01-02_S8.metabat.34	k__Bacteria (UID203)	5449	104	58	67.24	58.62	85.71	8331785	0	1468	1468	7407	7407	5675	5675	63238	63238	40.5	1.85	89.14	11	8263	59	17	21	7	0	0
20082D-01-02_S8.metabat.35	root (UID1)	5656	56	24	0.00	0.00	0.00	229728	0	26	26	20153	20153	8835	8835	73989	73989	32.9	1.98	90.07	11	189	56	0	0	0	0	0
20082D-01-02_S8.metabat.36	k__Bacteria (UID203)	5449	104	58	80.41	67.24	76.00	6681280	0	1298	1298	6536	6536	5147	5147	35530	35530	56.2	2.20	90.77	11	7131	39	23	38	4	0	0
20082D-01-02_S8.metabat.37	f__Flavobacteriaceae (UID2845)	53	548	298	15.72	2.26	0.00	777559	0	404	404	1866	1866	1924	1924	5117	5117	32.6	2.18	90.31	11	983	448	92	7	0	1	0
20082D-01-02_S8.metabat.38	k__Bacteria (UID203)	5449	104	58	33.62	1.72	0.00	2684351	0	830	830	3472	3472	3234	3234	14942	14942	54.6	2.72	89.44	11	3184	81	22	1	0	0	0
20082D-01-02_S8.metabat.39	k__Bacteria (UID203)	5449	104	58	20.69	0.00	0.00	976999	0	295	295	3438	3438	3311	3311	10427	10427	45.5	1.78	91.07	11	1122	92	12	0	0	0	0
20082D-01-02_S8.metabat.4	root (UID1)	5656	56	24	0.00	0.00	0.00	202554	0	9	9	32196	32196	22506	22506	81455	81455	59.2	1.49	89.44	11	228	56	0	0	0	0	0
20082D-01-02_S8.metabat.40	f__Rhodobacteraceae (UID3361)	46	654	332	82.24	5.10	14.63	4132406	0	1061	1061	4608	4608	3894	3894	23975	23975	63.3	2.63	88.74	11	4622	105	512	35	2	0	0
20082D-01-02_S8.metabat.41	k__Bacteria (UID203)	5449	99	53	9.43	0.00	0.00	261301	0	104	104	2466	2466	2512	2512	8217	8217	31.5	2.40	93.45	11	341	93	6	0	0	0	0
20082D-01-02_S8.metabat.5	k__Bacteria (UID203)	5449	104	58	5.17	0.00	0.00	345635	0	184	184	1781	1781	1878	1878	4709	4709	66.3	2.22	91.66	11	474	98	6	0	0	0	0
20082D-01-02_S8.metabat.6	c__Gammaproteobacteria (UID4444)	263	505	231	98.41	1.78	0.00	3216541	0	53	53	216980	216980	60689	60689	383206	383206	42.5	1.24	89.74	11	3020	25	472	8	0	0	0
20082D-01-02_S8.metabat.7	c__Alphaproteobacteria (UID3422)	26	529	308	99.51	0.81	0.00	3605575	0	30	30	340488	340488	120185	120185	884900	884900	60.1	1.39	91.59	11	3455	2	524	3	0	0	0
20082D-01-02_S8.metabat.8	o__Sphingomonadales (UID3310)	26	569	293	99.54	0.90	25.00	3648304	0	35	35	191835	191835	104237	104237	536006	536006	56.8	1.33	90.57	11	3444	2	563	4	0	0	0
20082D-01-02_S8.metabat.9	c__Gammaproteobacteria (UID4444)	263	506	232	85.58	1.63	62.50	3372267	0	632	632	6824	6824	5335	5335	38057	38057	57.9	1.92	91.97	11	3583	119	379	8	0	0	0
20082D-01-03_S9.metabat.1	k__Bacteria (UID203)	5449	104	58	77.59	0.00	0.00	2078753	0	183	183	17888	17888	11359	11359	81530	81530	45.2	1.32	90.88	11	2042	51	53	0	0	0	0
20082D-01-03_S9.metabat.10	k__Bacteria (UID1453)	901	171	117	97.86	3.25	0.00	2567159	0	84	84	57023	57023	30561	30561	392828	392828	47.5	1.40	91.81	11	2565	3	161	7	0	0	0
20082D-01-03_S9.metabat.11	k__Bacteria (UID203)	5449	104	58	5.17	0.00	0.00	237915	0	97	97	2541	2541	2452	2452	6292	6292	38.3	1.64	89.87	11	318	101	3	0	0	0	0
20082D-01-03_S9.metabat.12	k__Bacteria (UID203)	5449	104	58	93.10	15.52	25.53	2221671	0	120	120	38104	38104	18513	18513	232373	232373	38.3	1.21	91.92	11	2157	4	53	47	0	0	0
20082D-01-03_S9.metabat.13	c__Gammaproteobacteria (UID4443)	356	451	270	38.71	2.78	52.94	939516	0	65	65	28552	28552	14454	14454	101153	101153	44.6	1.24	91.88	11	894	263	171	17	0	0	0
20082D-01-03_S9.metabat.14	k__Archaea (UID2)	207	149	107	28.89	0.00	0.00	807031	0	205	205	4499	4499	3936	3936	12316	12316	37.9	1.41	94.83	11	782	110	39	0	0	0	0
20082D-01-03_S9.metabat.15	f__Rhodobacteraceae (UID3356)	67	615	329	90.98	27.70	35.80	3397756	0	468	468	12056	12056	7260	7260	89245	89245	48.0	2.10	90.42	11	3459	89	404	98	22	2	0
20082D-01-03_S9.metabat.16	root (UID1)	5656	56	24	0.00	0.00	0.00	248122	0	76	76	3554	3554	3264	3264	8592	8592	36.3	1.48	95.86	11	393	56	0	0	0	0	0
20082D-01-03_S9.metabat.17	k__Archaea (UID2)	207	149	107	70.33	30.05	0.00	11837446	0	1958	1958	7254	7254	6045	6045	51011	51011	48.2	1.73	86.75	11	8688	39	66	24	19	0	1
20082D-01-03_S9.metabat.18	root (UID1)	5656	56	24	4.17	0.00	0.00	364508	0	73	73	6943	6943	4993	4993	36078	36078	36.4	1.46	95.19	11	395	55	1	0	0	0	0
20082D-01-03_S9.metabat.19	k__Bacteria (UID3187)	2258	190	119	74.41	0.00	0.00	1575687	0	323	323	5682	5682	4878	4878	18663	18663	42.6	1.88	91.35	11	1536	46	144	0	0	0	0
20082D-01-03_S9.metabat.2	k__Bacteria (UID203)	5449	104	58	62.07	0.00	0.00	1842417	0	96	96	36819	36819	19191	19191	102647	102647	37.1	1.30	93.07	11	1781	62	42	0	0	0	0
20082D-01-03_S9.metabat.20	k__Bacteria (UID203)	5449	104	58	24.45	0.00	0.00	377742	0	138	138	2889	2889	2737	2737	9131	9131	38.3	1.32	92.06	11	433	85	19	0	0	0	0
20082D-01-03_S9.metabat.21	k__Bacteria (UID203)	5449	104	58	26.88	4.31	0.00	2793585	0	790	790	3992	3992	3536	3536	21433	21433	40.7	1.70	90.15	11	3069	84	16	4	0	0	0
20082D-01-03_S9.metabat.22	c__Gammaproteobacteria (UID4267)	119	544	284	67.05	3.18	0.00	1742923	0	106	106	28211	28211	16442	16442	82924	82924	37.3	1.35	94.19	11	1639	178	351	15	0	0	0
20082D-01-03_S9.metabat.23	p__Euryarchaeota (UID3)	148	188	125	74.13	0.40	0.00	1422129	0	43	43	57732	57732	33072	33072	132675	132675	35.8	0.86	94.73	11	1240	62	125	1	0	0	0
20082D-01-03_S9.metabat.24	k__Archaea (UID2)	207	149	107	29.44	0.93	100.00	882866	0	216	216	4630	4630	4087	4087	15142	15142	46.3	1.26	95.09	11	856	110	38	1	0	0	0
20082D-01-03_S9.metabat.25	k__Bacteria (UID203)	5449	104	58	62.24	1.72	100.00	2087793	0	232	232	12559	12559	8999	8999	56182	56182	47.5	1.31	88.29	11	1976	60	43	1	0	0	0
20082D-01-03_S9.metabat.26	k__Bacteria (UID203)	5449	104	58	86.21	91.91	27.34	2877390	0	468	468	8788	8788	6148	6148	51712	51712	34.5	1.54	95.99	11	3218	10	28	41	21	4	0
20082D-01-03_S9.metabat.27	o__Cytophagales (UID2936)	47	454	336	75.59	1.79	60.00	2085404	0	465	465	5304	5304	4484	4484	22083	22083	39.1	1.65	92.71	11	2114	109	337	7	1	0	0
20082D-01-03_S9.metabat.28	k__Bacteria (UID203)	5449	104	58	76.38	34.66	33.33	3366790	0	564	564	6839	6839	5969	5969	35482	35482	45.3	1.48	90.91	11	3439	51	29	24	0	0	0
20082D-01-03_S9.metabat.29	c__Gammaproteobacteria (UID4444)	263	503	230	94.49	0.80	0.00	3027129	0	182	182	27515	27515	16632	16632	107087	107087	52.3	1.48	89.67	11	2881	24	475	4	0	0	0
20082D-01-03_S9.metabat.3	k__Archaea (UID2)	207	145	103	79.29	2.43	0.00	962277	0	236	236	4850	4850	4077	4077	37168	37168	31.2	2.16	91.06	11	1343	36	105	4	0	0	0
20082D-01-03_S9.metabat.30	c__Gammaproteobacteria (UID4201)	1164	275	174	27.20	0.00	0.00	488357	0	111	111	4978	4978	4399	4399	21421	21421	38.7	1.47	97.31	11	567	207	68	0	0	0	0
20082D-01-03_S9.metabat.31	root (UID1)	5656	56	24	100.00	503.52	4.10	11177269	0	1957	1957	7702	7702	5711	5711	81573	81573	33.2	2.00	95.16	11	11712	0	0	0	2	5	49
20082D-01-03_S9.metabat.32	k__Archaea (UID2)	207	149	107	8.30	0.00	0.00	387354	0	20	20	33068	33068	19367	19367	48426	48426	38.8	1.50	73.90	4	407	132	17	0	0	0	0
20082D-01-03_S9.metabat.33	k__Bacteria (UID2495)	2993	147	91	90.81	1.40	0.00	2686368	0	219	219	19877	19877	12266	12266	63146	63146	38.7	1.52	91.10	11	2524	12	130	5	0	0	0
20082D-01-03_S9.metabat.34	k__Archaea (UID2)	207	149	107	72.67	47.23	0.00	17745673	0	2198	2198	10187	10187	8073	8073	50350	50350	56.5	2.09	86.04	11	14267	36	57	31	20	2	3
20082D-01-03_S9.metabat.35	root (UID1)	5656	56	24	100.00	277.50	16.00	7783930	0	1168	1168	9698	9698	6664	6664	97331	97331	30.5	2.18	94.96	11	7964	0	0	11	23	10	12
20082D-01-03_S9.metabat.36	k__Archaea (UID2)	207	149	107	84.58	12.62	11.54	1499901	0	69	69	45610	45610	21737	21737	149185	149185	38.0	1.11	94.69	11	1337	19	104	26	0	0	0
20082D-01-03_S9.metabat.37	k__Bacteria (UID203)	5449	104	58	36.21	1.72	0.00	404460	0	106	106	4411	4411	3815	3815	12877	12877	32.0	1.15	95.97	11	406	81	22	1	0	0	0
20082D-01-03_S9.metabat.38	k__Bacteria (UID203)	5449	102	58	15.52	0.00	0.00	631248	0	178	178	3826	3826	3546	3546	26440	26440	38.0	1.45	96.57	11	735	93	9	0	0	0	0
20082D-01-03_S9.metabat.39	k__Bacteria (UID203)	5449	104	58	22.76	1.72	100.00	1761102	0	289	289	7320	7320	6093	6093	24953	24953	49.3	1.52	87.82	11	1782	90	13	1	0	0	0
20082D-01-03_S9.metabat.4	o__Actinomycetales (UID1663)	488	310	185	97.63	0.00	0.00	2110368	0	8	8	464777	464777	263796	263796	761139	761139	55.0	0.84	92.68	11	1980	6	304	0	0	0	0
20082D-01-03_S9.metabat.40	root (UID1)	5656	56	24	0.00	0.00	0.00	280001	0	75	75	3991	3991	3733	3733	15469	15469	35.4	1.31	94.18	11	488	56	0	0	0	0	0
20082D-01-03_S9.metabat.41	s__algicola (UID2846)	47	571	303	81.74	1.05	0.00	1495793	0	119	119	22612	22612	12569	12569	80629	80629	30.0	1.39	95.30	11	1419	119	447	5	0	0	0
20082D-01-03_S9.metabat.42	k__Bacteria (UID3187)	2258	190	119	88.74	2.06	25.00	2176814	0	426	426	5984	5984	5109	5109	38494	38494	41.0	2.12	89.78	11	2151	15	171	4	0	0	0
20082D-01-03_S9.metabat.43	k__Archaea (UID2)	207	149	107	21.96	0.00	0.00	755816	0	194	194	4127	4127	3895	3895	15159	15159	45.8	1.33	94.78	11	770	124	25	0	0	0	0
20082D-01-03_S9.metabat.44	root (UID1)	5656	56	24	0.00	0.00	0.00	251487	0	60	60	5688	5688	4191	4191	14713	14713	34.0	1.32	95.32	11	309	56	0	0	0	0	0
20082D-01-03_S9.metabat.45	root (UID1)	5656	56	24	0.00	0.00	0.00	230700	0	56	56	5473	5473	4119	4119	13274	13274	37.9	1.46	99.10	11	157	56	0	0	0	0	0
20082D-01-03_S9.metabat.46	root (UID1)	5656	56	24	100.00	2060.44	2.83	40441757	0	14667	14667	2770	2770	2757	2757	37936	37936	32.5	2.75	95.10	11	46961	0	0	0	0	0	56
20082D-01-03_S9.metabat.5	f__Rhodobacteraceae (UID3356)	67	615	329	78.33	16.97	21.00	2806746	0	349	349	11541	11541	8042	8042	98405	98405	44.0	1.98	90.45	11	2839	133	386	94	2	0	0
20082D-01-03_S9.metabat.6	f__Rhodobacteraceae (UID3356)	67	615	329	77.93	0.79	0.00	1799181	0	153	153	18517	18517	11759	11759	66061	66061	44.0	1.51	91.57	11	1787	127	481	7	0	0	0
20082D-01-03_S9.metabat.7	c__Gammaproteobacteria (UID4443)	356	451	270	92.84	47.04	20.21	3341606	0	215	215	25588	25588	15542	15542	149948	149948	45.5	1.35	92.01	11	3140	57	205	187	2	0	0
20082D-01-03_S9.metabat.8	k__Bacteria (UID203)	5449	104	58	12.93	0.00	0.00	2022430	0	295	295	8325	8325	6855	6855	55653	55653	49.1	1.17	88.39	11	2038	95	9	0	0	0	0
20082D-01-03_S9.metabat.9	k__Bacteria (UID203)	5449	104	58	85.34	83.79	12.15	2322229	0	333	333	11584	11584	6973	6973	84560	84560	37.7	1.65	95.53	11	2511	10	23	43	14	11	3
20082D-01-04_S10.metabat.1	k__Bacteria (UID2569)	434	278	186	53.92	1.42	28.57	773658	0	239	239	3562	3562	3237	3237	11814	11814	31.4	1.34	96.02	11	851	131	140	7	0	0	0
20082D-01-04_S10.metabat.10	f__Rhodobacteraceae (UID3356)	67	615	329	75.75	1.22	60.00	1635736	0	126	126	21258	21258	12982	12982	72267	72267	44.0	1.58	91.80	11	1620	141	469	5	0	0	0
20082D-01-04_S10.metabat.11	k__Bacteria (UID203)	5449	104	58	61.72	0.00	0.00	1694726	0	155	155	17054	17054	10933	10933	41720	41720	45.1	1.28	91.47	11	1651	61	43	0	0	0	0
20082D-01-04_S10.metabat.12	k__Bacteria (UID203)	5449	104	58	97.65	289.45	3.66	8118870	0	1096	1096	11214	11214	7407	7407	94326	94326	33.3	1.74	95.31	11	7936	5	3	26	26	20	24
20082D-01-04_S10.metabat.13	c__Gammaproteobacteria (UID4444)	263	506	232	24.83	0.64	41.67	2016245	0	278	278	9289	9289	7252	7252	50391	50391	49.1	1.26	87.80	11	2002	383	111	12	0	0	0
20082D-01-04_S10.metabat.14	f__Rhodobacteraceae (UID3356)	67	617	330	79.71	4.90	6.06	2004111	0	95	95	35689	35689	21095	21095	83703	83703	38.4	1.16	91.74	11	1936	121	465	30	1	0	0
20082D-01-04_S10.metabat.15	f__Rhodobacteraceae (UID3356)	67	615	329	91.16	13.39	2.22	2972840	0	224	224	28083	28083	13271	13271	94463	94463	37.1	1.73	92.76	11	2876	47	486	78	4	0	0
20082D-01-04_S10.metabat.16	s__algicola (UID2846)	47	571	303	79.44	2.22	9.09	1526079	0	127	127	22165	22165	12016	12016	68958	68958	29.9	1.52	95.32	11	1454	128	432	11	0	0	0
20082D-01-04_S10.metabat.17	f__Rhodobacteraceae (UID3356)	67	615	329	93.42	49.30	36.97	4384506	0	592	592	11134	11134	7406	7406	84093	84093	47.3	2.24	89.88	11	4459	59	343	155	50	7	1
20082D-01-04_S10.metabat.18	root (UID1)	5656	56	24	0.00	0.00	0.00	298234	0	86	86	3569	3569	3467	3467	10245	10245	48.1	1.05	88.97	11	333	56	0	0	0	0	0
20082D-01-04_S10.metabat.19	k__Archaea (UID2)	207	149	107	8.30	0.00	0.00	387630	0	24	24	35074	35074	16151	16151	66108	66108	38.7	1.37	73.16	4	396	132	17	0	0	0	0
20082D-01-04_S10.metabat.2	k__Bacteria (UID203)	5449	102	56	17.86	0.00	0.00	499072	0	102	102	6371	6371	4892	4892	22642	22642	36.3	1.54	95.24	11	558	91	11	0	0	0	0
20082D-01-04_S10.metabat.20	c__Gammaproteobacteria (UID4267)	119	544	284	76.18	2.84	0.00	1997157	0	141	141	31094	31094	14164	14164	129770	129770	37.1	1.70	93.94	11	1888	130	399	14	1	0	0
20082D-01-04_S10.metabat.21	k__Bacteria (UID203)	5449	104	58	88.79	107.70	9.60	2419669	0	332	332	13174	13174	7288	7288	113180	113180	37.5	1.62	95.65	11	2580	7	19	49	7	8	14
20082D-01-04_S10.metabat.22	k__Bacteria (UID2495)	2993	147	91	86.41	4.95	20.00	2593623	0	259	259	14573	14573	10013	10013	63156	63156	38.7	1.53	91.44	11	2440	47	95	5	0	0	0
20082D-01-04_S10.metabat.23	k__Archaea (UID2)	207	145	103	78.88	5.83	14.29	894879	0	254	254	3926	3926	3523	3523	16658	16658	31.0	1.71	91.13	11	1268	27	113	4	1	0	0
20082D-01-04_S10.metabat.24	c__Gammaproteobacteria (UID4443)	356	451	270	23.35	0.93	25.00	501014	0	118	118	5007	5007	4245	4245	17090	17090	38.5	1.31	97.17	11	570	348	99	4	0	0	0
20082D-01-04_S10.metabat.25	k__Bacteria (UID203)	5449	104	58	100.00	222.35	27.96	6210726	0	1129	1129	7589	7589	5501	5501	72725	72725	30.2	2.10	95.23	11	6426	0	17	17	36	21	13
20082D-01-04_S10.metabat.26	k__Bacteria (UID203)	5449	102	58	19.83	0.86	100.00	309669	0	60	60	5868	5868	5161	5161	17446	17446	35.1	0.97	95.71	11	332	89	12	1	0	0	0
20082D-01-04_S10.metabat.27	k__Bacteria (UID1453)	901	171	117	97.44	1.71	0.00	2600255	0	42	42	153800	153800	61910	61910	383669	383669	47.5	1.42	91.81	11	2558	3	166	2	0	0	0
20082D-01-04_S10.metabat.28	p__Euryarchaeota (UID3)	148	188	125	81.73	5.60	0.00	1563515	0	65	65	54124	54124	24054	24054	131712	131712	35.9	1.35	94.50	11	1395	26	155	7	0	0	0
20082D-01-04_S10.metabat.29	c__Gammaproteobacteria (UID4444)	263	503	230	94.71	0.54	0.00	2900776	0	163	163	30840	30840	17796	17796	107452	107452	52.3	1.55	89.85	11	2773	39	461	3	0	0	0
20082D-01-04_S10.metabat.3	root (UID1)	5656	56	24	100.00	2084.63	2.41	35272183	0	13127	13127	2675	2675	2686	2686	49755	49755	32.5	2.67	95.13	11	41160	0	0	0	0	0	56
20082D-01-04_S10.metabat.30	k__Bacteria (UID203)	5449	104	58	89.97	88.45	46.15	4294174	0	251	251	28670	28670	17108	17108	142652	142652	45.3	1.36	91.81	11	4066	28	15	59	2	0	0
20082D-01-04_S10.metabat.31	f__Rhodobacteraceae (UID3356)	67	615	329	73.27	13.99	26.98	2541156	0	290	290	13114	13114	8762	8762	121402	121402	44.1	2.05	90.91	11	2554	180	372	63	0	0	0
20082D-01-04_S10.metabat.32	k__Bacteria (UID203)	5449	104	58	67.24	0.00	0.00	2007043	0	169	169	19823	19823	11875	11875	83506	83506	45.2	1.39	91.02	11	1978	58	46	0	0	0	0
20082D-01-04_S10.metabat.33	k__Archaea (UID2)	207	149	107	75.47	49.18	0.00	18348930	0	1636	1636	14868	14868	11215	11215	69470	69470	56.5	1.91	85.92	11	14288	31	59	33	21	2	3
20082D-01-04_S10.metabat.34	k__Bacteria (UID203)	5449	104	58	57.76	0.00	0.00	2110601	0	224	224	12294	12294	9422	9422	44235	44235	47.4	1.38	87.64	11	1983	65	39	0	0	0	0
20082D-01-04_S10.metabat.35	c__Alphaproteobacteria (UID3337)	468	388	250	36.16	8.08	17.65	3042579	0	764	764	4506	4506	3982	3982	33568	33568	40.7	1.64	90.92	11	3194	238	118	31	1	0	0
20082D-01-04_S10.metabat.36	k__Bacteria (UID203)	5449	104	58	34.48	0.00	0.00	1738479	0	261	261	7881	7881	6660	6660	40074	40074	49.3	1.37	88.30	11	1751	84	20	0	0	0	0
20082D-01-04_S10.metabat.37	k__Archaea (UID2)	207	149	107	71.42	33.48	0.00	11587258	0	1860	1860	7431	7431	6229	6229	44618	44618	48.3	1.68	86.87	11	8461	39	63	31	13	2	1
20082D-01-04_S10.metabat.38	k__Bacteria (UID203)	5449	104	58	50.00	5.17	33.33	2111725	0	312	312	7843	7843	6768	6768	41755	41755	45.5	1.48	90.79	11	2099	71	30	3	0	0	0
20082D-01-04_S10.metabat.39	k__Bacteria (UID3187)	2258	190	119	88.04	0.00	0.00	2084968	0	377	377	6920	6920	5530	5530	27547	27547	41.1	2.01	90.09	11	2057	17	173	0	0	0	0
20082D-01-04_S10.metabat.4	k__Archaea (UID2)	207	149	107	23.68	0.00	0.00	630645	0	162	162	4615	4615	3892	3892	12463	12463	37.9	1.44	95.37	11	645	117	32	0	0	0	0
20082D-01-04_S10.metabat.40	k__Bacteria (UID203)	5449	102	58	19.83	0.00	0.00	509554	0	129	129	4433	4433	3950	3950	14414	14414	38.0	1.36	96.48	11	592	90	12	0	0	0	0
20082D-01-04_S10.metabat.41	o__Cytophagales (UID2936)	47	454	336	77.21	2.08	25.00	2149790	0	479	479	5327	5327	4488	4488	23534	23534	39.0	1.71	92.07	11	2156	116	330	8	0	0	0
20082D-01-04_S10.metabat.42	root (UID1)	5656	56	24	0.00	0.00	0.00	285238	0	77	77	4090	4090	3704	3704	10064	10064	54.5	1.26	88.56	11	353	56	0	0	0	0	0
20082D-01-04_S10.metabat.5	k__Bacteria (UID3187)	2258	190	119	75.43	0.00	0.00	1506999	0	300	300	5819	5819	5023	5023	20088	20088	42.4	1.87	90.66	11	1478	48	142	0	0	0	0
20082D-01-04_S10.metabat.6	p__Euryarchaeota (UID3)	148	188	125	75.96	0.00	0.00	1290696	0	96	96	25572	25572	13444	13444	75951	75951	38.1	1.15	94.96	11	1178	36	152	0	0	0	0
20082D-01-04_S10.metabat.7	k__Bacteria (UID203)	5449	104	58	69.20	62.07	34.62	2140145	0	303	303	10200	10200	7063	7063	63990	63990	34.2	1.50	96.26	11	2367	52	22	19	11	0	0
20082D-01-04_S10.metabat.8	p__Euryarchaeota (UID3)	148	188	125	42.93	0.00	0.00	1124707	0	236	236	5602	5602	4765	4765	21034	21034	46.1	1.13	94.59	11	1090	103	85	0	0	0	0
20082D-01-04_S10.metabat.9	k__Bacteria (UID2495)	2993	147	91	73.53	0.00	0.00	812589	0	67	67	24192	24192	12128	12128	72225	72225	32.6	1.43	96.44	11	855	26	121	0	0	0	0
20082D-01-05_S0.metabat.1	k__Bacteria (UID203)	5449	103	58	27.95	82.84	9.48	503338	0	123	123	4825	4825	4092	4092	27074	27074	30.4	3.43	75.90	11	579	48	7	7	8	10	23
20082D-01-05_S0.metabat.10	p__Bacteroidetes (UID2591)	364	302	202	95.13	1.44	0.00	6429179	0	621	621	14278	14278	10352	10352	57813	57813	35.4	1.21	87.07	11	5217	23	274	5	0	0	0
20082D-01-05_S0.metabat.11	k__Bacteria (UID203)	5449	104	58	85.19	12.05	6.45	2647656	0	605	605	5284	5284	4376	4376	18172	18172	31.2	1.88	92.64	11	2697	20	64	16	3	1	0
20082D-01-05_S0.metabat.12	c__Gammaproteobacteria (UID4267)	119	541	283	97.53	0.47	0.00	2905858	0	26	26	180167	180167	111763	111763	355904	355904	45.4	0.87	91.84	11	2776	63	473	5	0	0	0
20082D-01-05_S0.metabat.13	root (UID1)	5656	56	24	0.00	0.00	0.00	228633	0	21	21	21081	21081	10887	10887	34455	34455	45.1	2.12	84.98	11	252	56	0	0	0	0	0
20082D-01-05_S0.metabat.14	k__Bacteria (UID203)	5449	104	58	4.31	0.00	0.00	214325	0	88	88	2435	2435	2435	2435	4970	4970	41.7	1.17	91.21	11	304	101	3	0	0	0	0
20082D-01-05_S0.metabat.15	f__Flavobacteriaceae (UID2845)	53	548	298	79.41	0.91	50.00	1990535	0	173	173	15517	15517	11505	11505	41975	41975	31.5	1.29	89.98	11	1805	154	390	4	0	0	0
20082D-01-05_S0.metabat.16	c__Gammaproteobacteria (UID4267)	119	544	284	97.16	1.82	14.29	2956213	0	75	75	57238	57238	39416	39416	153438	153438	50.6	0.99	92.06	11	2755	11	526	7	0	0	0
20082D-01-05_S0.metabat.17	f__Rhodobacteraceae (UID3360)	56	582	313	71.36	3.89	41.18	2841068	0	698	698	4991	4991	4070	4070	37370	37370	55.7	1.93	92.18	11	3420	180	385	17	0	0	0
20082D-01-05_S0.metabat.18	f__Rhodobacteraceae (UID3356)	67	617	330	93.55	3.37	9.52	3125258	0	139	139	36691	36691	22483	22483	143334	143334	60.5	1.23	92.43	11	3164	71	525	21	0	0	0
20082D-01-05_S0.metabat.19	root (UID1)	5656	56	24	4.17	4.17	0.00	309763	0	112	112	2855	2855	2765	2765	9237	9237	37.8	1.75	86.81	11	398	55	0	1	0	0	0
20082D-01-05_S0.metabat.2	f__Rhodobacteraceae (UID3360)	56	582	313	93.92	4.80	34.48	4292977	0	185	185	40041	40041	23205	23205	147255	147255	57.8	1.70	91.48	11	4283	43	510	29	0	0	0
20082D-01-05_S0.metabat.20	p__Proteobacteria (UID3880)	1495	261	164	86.21	1.22	0.00	2922898	0	373	373	11920	11920	7836	7836	61524	61524	34.8	1.80	92.36	11	2724	56	190	15	0	0	0
20082D-01-05_S0.metabat.21	f__Rhodobacteraceae (UID3356)	67	615	329	68.80	12.78	24.66	2025088	0	623	623	3510	3510	3250	3250	14123	14123	47.8	2.26	90.24	11	2387	194	356	61	4	0	0
20082D-01-05_S0.metabat.22	c__Gammaproteobacteria (UID4274)	112	581	290	96.67	2.36	11.11	2372120	0	94	94	49096	49096	25235	25235	159256	159256	41.6	1.59	93.43	11	2388	19	555	6	1	0	0
20082D-01-05_S0.metabat.23	root (UID1)	5656	56	24	8.33	0.00	0.00	580275	0	222	222	2615	2615	2613	2613	8855	8855	52.9	1.57	91.10	11	698	54	2	0	0	0	0
20082D-01-05_S0.metabat.24	c__Gammaproteobacteria (UID4761)	52	693	297	95.34	0.97	28.57	4049455	0	213	213	34243	34243	19011	19011	144160	144160	37.6	1.47	86.05	11	3525	31	655	7	0	0	0
20082D-01-05_S0.metabat.25	k__Bacteria (UID203)	5449	104	58	97.18	75.80	14.71	7490948	0	1988	1988	4406	4406	3768	3768	32123	32123	39.0	1.56	91.66	11	7905	8	38	45	7	6	0
20082D-01-05_S0.metabat.26	s__algicola (UID2846)	47	571	303	98.81	0.60	0.00	4394958	0	82	82	153908	153908	53597	53597	410757	410757	33.9	1.26	91.98	11	3952	10	556	5	0	0	0
20082D-01-05_S0.metabat.27	k__Bacteria (UID203)	5449	104	58	75.39	8.13	27.78	3013878	0	671	671	5295	5295	4491	4491	39207	39207	56.6	2.07	91.74	11	3527	30	56	18	0	0	0
20082D-01-05_S0.metabat.28	k__Bacteria (UID2569)	434	278	186	100.00	0.54	0.00	2992630	0	40	40	179390	179390	74815	74815	325473	325473	36.4	1.00	93.39	11	2660	0	277	1	0	0	0
20082D-01-05_S0.metabat.29	k__Archaea (UID2)	207	149	107	3.51	0.00	0.00	422931	0	124	124	3946	3946	3410	3410	11800	11800	30.3	2.94	91.22	11	473	132	17	0	0	0	0
20082D-01-05_S0.metabat.3	k__Bacteria (UID203)	5449	104	58	9.06	0.00	0.00	603024	0	243	243	2457	2457	2481	2481	6815	6815	49.4	1.53	90.85	11	779	91	13	0	0	0	0
20082D-01-05_S0.metabat.30	o__Oceanospirillales (UID4446)	43	529	233	58.24	2.55	20.00	1232417	0	403	403	3106	3106	3058	3058	11050	11050	45.3	1.52	91.34	11	1476	228	291	10	0	0	0
20082D-01-05_S0.metabat.31	k__Bacteria (UID203)	5449	104	58	49.37	1.72	0.00	1370161	0	504	504	2819	2819	2718	2718	8207	8207	39.9	1.47	94.32	11	1680	64	39	1	0	0	0
20082D-01-05_S0.metabat.32	root (UID1)	5656	56	24	0.00	0.00	0.00	304452	0	56	56	5567	5567	5436	5436	56917	56917	49.1	1.47	88.51	11	319	56	0	0	0	0	0
20082D-01-05_S0.metabat.33	root (UID1)	5656	56	24	0.00	0.00	0.00	230989	0	24	24	23122	23122	9624	9624	71795	71795	44.8	1.66	84.14	11	204	56	0	0	0	0	0
20082D-01-05_S0.metabat.34	k__Bacteria (UID2569)	434	277	185	92.43	1.10	100.00	4698382	0	685	685	9728	9728	6858	6858	52192	52192	39.8	1.09	92.84	11	4460	16	258	3	0	0	0
20082D-01-05_S0.metabat.35	k__Bacteria (UID203)	5449	104	58	88.71	65.52	85.11	8622985	0	1492	1492	7613	7613	5779	5779	57640	57640	50.4	2.98	88.73	11	8759	38	23	41	2	0	0
20082D-01-05_S0.metabat.36	c__Gammaproteobacteria (UID4444)	263	507	232	74.92	1.28	57.14	2692409	0	457	457	7876	7876	5891	5891	28753	28753	49.6	1.96	90.89	11	2800	135	365	7	0	0	0
20082D-01-05_S0.metabat.37	root (UID1)	5656	56	24	41.67	109.79	13.66	494614	0	71	71	10521	10521	6966	6966	34285	34285	29.6	1.93	72.89	11	582	14	0	0	17	24	1
20082D-01-05_S0.metabat.38	k__Archaea (UID2)	207	149	107	5.85	0.50	0.00	383764	0	52	52	9305	9305	7380	7380	23936	23936	28.9	1.96	90.95	11	461	130	12	7	0	0	0
20082D-01-05_S0.metabat.39	k__Bacteria (UID203)	5449	104	58	33.62	0.00	0.00	1091468	0	289	289	4599	4599	3776	3776	15478	15478	58.7	1.37	93.08	11	1357	82	22	0	0	0	0
20082D-01-05_S0.metabat.4	c__Gammaproteobacteria (UID4761)	52	693	297	98.53	235.93	14.43	14958675	0	3428	3428	5581	5581	4363	4363	62709	62709	37.3	2.23	87.58	11	15382	35	33	93	245	216	71
20082D-01-05_S0.metabat.40	f__Rhodobacteraceae (UID3361)	46	654	332	79.57	55.27	24.41	6756757	0	2595	2595	2629	2629	2603	2603	18361	18361	58.9	2.21	91.32	11	8636	146	264	172	51	18	3
20082D-01-05_S0.metabat.5	f__Rhodobacteraceae (UID3361)	46	654	332	98.02	2.61	21.43	4232861	0	352	352	19411	19411	12025	12025	92250	92250	61.0	2.09	90.78	11	4345	16	624	14	0	0	0
20082D-01-05_S0.metabat.6	k__Bacteria (UID203)	5449	104	58	10.34	0.00	0.00	443867	0	225	225	1867	1867	1972	1972	4893	4893	64.0	1.76	92.13	11	638	96	8	0	0	0	0
20082D-01-05_S0.metabat.7	f__Rhodobacteraceae (UID3360)	56	582	313	86.19	4.63	40.00	4787080	0	792	792	8162	8162	6044	6044	43097	43097	57.0	2.52	90.85	11	5272	106	453	22	1	0	0
20082D-01-05_S0.metabat.8	k__Bacteria (UID203)	5449	104	58	59.31	1.72	100.00	1644071	0	368	368	5527	5527	4467	4467	22909	22909	38.8	1.51	91.30	11	1787	63	40	1	0	0	0
20082D-01-05_S0.metabat.9	k__Bacteria (UID203)	5449	104	58	98.28	292.97	1.92	11864480	0	4619	4619	2514	2514	2568	2568	30434	30434	32.9	3.17	89.40	11	13835	1	10	11	13	14	55
